
Trassenumformung  X:\test\test.tra  (12.05.10   13:22:30)
Koordinaten= X:\test\test.kf

Gradiente:X:\test\test.gra
Abstand: + = rechts der Trasse (Linksverschiebung)
dH:      + = unterhalb der Gradiente (Hebung)
Reduktion auf Trasse:X:\test\test.tra
Die Umformungsbegrenzung beträgt +/- 9999.0000 m bezogen auf die Trasse

Pkt.Nr      Station  Abstand   Richtung     Radius  Ü(mm)  Höhe     dH  Abstand
--------------------------------------------------------------------------------
  PktNr.       Y            X        Station         Hohe   Erläuterung
 0.00001 4462317.41274 5602221.96376   5.8+ 53.9890    302.2980 AP 5853.989   
 0.00001   5853.9890   4.0242 177.419417    299.950  65.0 302.972   0.674< 4.0242>  AP 5853.989   
 0.00002 4462322.16590 5602207.78450   5.8+ 69.1508    302.3133 AP 5869.151   
 0.00002   5869.1508   4.1135 180.637382    299.950  65.0 303.127   0.814< 4.1135>  AP 5869.151   
 0.00003 4462333.83790 5602194.90190   5.8+ 84.7588    302.4834 AP 5884.759   
 0.00003   5884.7588  -3.5756 183.950050    299.950  65.0 303.287   0.803<-3.5756>  AP 5884.759   
 0.00004 4462337.36580 5602180.30500   5.8+ 99.5963    302.6602 AP 5899.596   
 0.00004   5899.5963  -3.7222 187.099190    299.950  65.0 303.438   0.778<-3.7222>  AP 5899.596   
 0.00005 4462339.87420 5602165.36040   5.9+ 14.5690    302.7978 AP 5914.569   
 0.00005   5914.5690  -3.5495 190.277033    299.950  65.0 303.591   0.793<-3.5495>  AP 5914.569   
 0.00006 4462341.79000 5602150.30670   5.9+ 29.5686    303.0340 AP 5929.569   
 0.00006   5929.5686  -3.5322 193.460580    299.950  65.0 303.744   0.710<-3.5322>  AP 5929.569   
 0.00007 4462342.91480 5602137.05690   5.9+ 42.7111    303.3512 AP 5942.711   
 0.00007   5942.7111  -3.5838 196.249973    299.950  65.0 303.878   0.527<-3.5838>  AP 5942.711   
 0.00008 4462343.99120 5602123.16760   5.9+ 56.4540    302.9733 AP 5956.454   
 0.00008   5956.4540  -4.1598 199.166787    299.950  65.0 304.019   1.045<-4.1598>  AP 5956.454   
 0.00009 4462345.46930 5602109.59150   5.9+ 69.7964    303.0884 AP 5969.796   
 0.00009   5969.7964  -5.7625 201.998605    299.950  65.0 304.155   1.067<-5.7625>  AP 5969.796   
 0.00010 4462344.81000 5602099.43300   5.9+ 79.7863    303.4488 AP 5979.786   
 0.00010   5979.7863  -5.5918 204.118884    299.950  65.0 304.250   0.802<-5.5918>  AP 5979.786   
 0.00011 4462344.17580 5602089.25160   5.9+ 89.7962    303.8429 AP 5989.796   
 0.00011   5989.7962  -5.7874 206.243394    299.968  65.0 304.333   0.490<-5.7874>  AP 5989.796   
 0.00012 4462339.24390 5602075.67600   6.0+  3.6921    304.1376 AP 6003.692   
 0.00012   6003.6921  -2.5052 208.819947    401.382  48.6 304.446   0.309<-2.5052>  AP 6003.692   
 0.00013 4462337.10570 5602061.87820   6.0+ 17.5830    304.2287 AP 6017.583   
 0.00013   6017.5830  -2.5073 210.650846    606.280  32.2 304.560   0.331<-2.5073>  AP 6017.583   
 0.00014 4462334.68980 5602048.34620   6.0+ 31.2867    304.3033 AP 6031.287   
 0.00014   6031.2867  -2.5078 211.727467   1221.358  16.0 304.671   0.368<-2.5078>  AP 6031.287   
 0.00015 4462332.19560 5602035.08960   6.0+ 44.7620    304.3505 AP 6044.762   
 0.00015   6044.7620  -2.5337 212.079502 508841.585   0.0 304.781   0.431<-2.5337>  AP 6044.762   
 0.00016 4462329.68260 5602021.76170   6.0+ 58.3386    304.3893 AP 6058.339   
 0.00016   6058.3386  -2.5549 211.731421  -1238.571  16.0 304.876   0.487<-2.5549>  AP 6058.339   
 0.00017 4462327.24560 5602008.14440   6.0+ 72.2157    304.4643 AP 6072.216   
 0.00017   6072.2157  -2.5504 210.652742   -611.768  32.4 304.973   0.509<-2.5504>  AP 6072.216   
 0.00018 4462325.13250 5601994.57400   6.0+ 86.0221    304.5788 AP 6086.022   
 0.00018   6086.0221  -2.5461 208.854332   -406.899  48.7 305.069   0.490<-2.5461>  AP 6086.022   
 0.00019 4462323.50630 5601981.00060   6.0+ 99.7943    304.6816 AP 6099.794   
 0.00019   6099.7943  -2.5604 206.339680   -305.009  65.0 305.165   0.484<-2.5604>  AP 6099.794   
 0.00020 4462322.64470 5601971.12090   6.1+  9.7952    304.7445 AP 6109.795   
 0.00020   6109.7952  -2.5227 204.252210   -305.000  65.0 305.241   0.496<-2.5227>  AP 6109.795   
 0.00021 4462321.95180 5601954.72060   6.1+ 26.3479    304.8469 AP 6126.348   
 0.00021   6126.3479  -2.4805 200.797213   -305.000  65.0 305.360   0.513<-2.4805>  AP 6126.348   
 0.00022 4462325.20490 5601937.63580   6.1+ 43.7108    304.8948 AP 6143.711   
 0.00022   6143.7108  -5.4621 197.173096   -305.000  65.0 305.484   0.589<-5.4621>  AP 6143.711   
 0.00023 4462327.05990 5601921.61870   6.1+ 60.1345    304.1476 AP 6160.134   
 0.00023   6160.1345  -6.1711 193.745008   -305.000  65.0 305.602   1.454<-6.1711>  AP 6160.134   
 0.00024 4462329.28990 5601905.96460   6.1+ 76.2799    303.9118 AP 6176.280   
 0.00024   6176.2799  -6.4365 190.375004   -305.000  65.0 305.717   1.805<-6.4365>  AP 6176.280   
 0.00025 4462331.97820 5601892.80410   6.1+ 90.0062    303.9695 AP 6190.006   
 0.00025   6190.0062  -6.8101 187.509951   -305.000  65.0 305.815   1.846<-6.8101>  AP 6190.006   
 0.00026 4462333.52660 5601883.12170   6.2+  0.0125    304.0574 AP 6200.013   
 0.00026   6200.0125  -6.2806 185.421357   -305.000  65.0 305.891   1.834<-6.2806>  AP 6200.013   
 0.00027 4462335.82590 5601873.61510   6.2+  9.9976    304.1908 AP 6209.998   
 0.00027   6209.9976  -6.2017 183.337180   -305.000  65.0 305.974   1.783<-6.2017>  AP 6209.998   
 0.00028 4462340.74220 5601858.83900   6.2+ 25.9001    304.4305 AP 6225.900   
 0.00028   6225.9001  -6.7217 180.017892   -305.000  65.0 306.112   1.682<-6.7217>  AP 6225.900   
 0.00029 4462345.82310 5601842.83000   6.2+ 43.0498    304.1955 AP 6243.050   
 0.00029   6243.0498  -6.1393 176.438286   -305.000  65.0 306.261   2.066<-6.1393>  AP 6243.050   
 0.00030 4462353.15080 5601827.43700   6.2+ 60.4551    304.4466 AP 6260.455   
 0.00030   6260.4551  -6.9177 172.805311   -305.000  65.0 306.412   1.966<-6.9177>  AP 6260.455   
 0.00031 4462359.68920 5601814.19900   6.2+ 75.5661    304.7056 AP 6275.566   
 0.00031   6275.5661  -7.0184 169.651213   -305.000  65.0 306.544   1.838<-7.0184>  AP 6275.566   
 0.00032 4462367.70230 5601799.49930   6.2+ 92.7016    304.7063 AP 6292.702   
 0.00032   6292.7016  -6.9226 166.074571   -305.000  65.0 306.692   1.986<-6.9226>  AP 6292.702   
 0.00033 4462372.73490 5601791.12210   6.3+  2.6999    304.7669 AP 6302.700   
 0.00033   6302.6999  -6.8413 163.987639   -305.000  65.0 306.772   2.005<-6.8413>  AP 6302.700   
 0.00034 4462381.82350 5601777.31390   6.3+ 19.5494    304.7418 AP 6319.549   
 0.00034   6319.5494  -6.7020 161.002127   -437.150  45.4 306.916   2.174<-6.7020>  AP 6319.549   
 0.00035 4462390.84710 5601764.55840   6.3+ 35.3639    305.0275 AP 6335.364   
 0.00035   6335.3639  -6.5061 159.167480   -736.905  26.9 307.052   2.024<-6.5061>  AP 6335.364   
 0.00036 4462401.28560 5601751.13320   6.3+ 52.4650    305.2294 AP 6352.465   
 0.00036   6352.4650  -6.6889 158.237828  -2850.565   7.0 307.198   1.969<-6.6889>  AP 6352.465   
 0.00037 4462404.96600 5601746.46160   6.3+ 58.4189    305.4082 AP 6358.419   
 0.00037   6358.4189  -6.7518 158.1712512064782.631   0.0 307.249   1.841<-6.7518>  AP 6358.419   
 0.00038 4462415.40850 5601733.01590   6.3+ 75.3956    305.6980 AP 6375.396   
 0.00038   6375.3956  -6.8475 158.615229   1216.556  19.8 307.375   1.677<-6.8475>  AP 6375.396   
 0.00039 4462425.14810 5601718.64350   6.3+ 92.6033    306.0650 AP 6392.603   
 0.00039   6392.6033  -6.0660 159.972282    604.021  39.9 307.503   1.438<-6.0660>  AP 6392.603   
 0.00040 4462434.23470 5601704.69460   6.4+  9.0468    306.6981 AP 6409.047   
 0.00040   6409.0468  -5.4739 162.122314    407.808  59.0 307.624   0.926<-5.4739>  AP 6409.047   
 0.00041 4462444.02540 5601689.29050   6.4+ 27.0189    307.1940 AP 6427.019   
 0.00041   6427.0189  -5.3983 165.425943    301.000  80.0 307.757   0.563<-5.3983>  AP 6427.019   
 0.00042 4462452.73430 5601675.47800   6.4+ 43.0253    307.0851 AP 6443.025   
 0.00042   6443.0253  -6.1502 168.811314    301.000  80.0 307.884   0.799<-6.1502>  AP 6443.025   
 0.00043 4462456.89060 5601658.42880   6.4+ 59.9063    308.4855 AP 6459.906   
 0.00043   6459.9063  -2.2720 172.381740    296.800  80.0 308.018  -0.467<-2.2720>  AP 6459.906   
 0.00044 4462464.42290 5601643.06480   6.4+ 76.8435    307.3222 AP 6476.843   
 0.00044   6476.8435  -3.1366 176.014683    296.800  80.0 308.137   0.815<-3.1366>  AP 6476.843   
 0.00045 4462470.01070 5601627.66420   6.4+ 93.0578    307.4034 AP 6493.058   
 0.00045   6493.0578  -3.1139 179.492557    296.800  80.0 308.252   0.848<-3.1139>  AP 6493.058   
 0.00046 4462474.66780 5601612.18790   6.5+  9.0549    307.5061 AP 6509.055   
 0.00046   6509.0549  -3.0673 182.923854    296.800  80.0 308.364   0.858<-3.0673>  AP 6509.055   
 0.00047 4462478.89340 5601595.72190   6.5+ 25.8763    307.6449 AP 6525.876   
 0.00047   6525.8763  -3.2596 186.531962    296.800  80.0 308.483   0.838<-3.2596>  AP 6525.876   
 0.00048 4462481.35050 5601581.64600   6.5+ 40.0146    307.7492 AP 6540.015   
 0.00048   6540.0146  -3.0464 189.564544    296.800  80.0 308.582   0.833<-3.0464>  AP 6540.015   
 0.00049 4462482.83050 5601571.67680   6.5+ 49.9911    307.8381 AP 6549.991   
 0.00049   6549.9911  -3.0491 191.704439    296.800  80.0 308.657   0.819<-3.0491>  AP 6549.991   
 0.00050 4462483.97820 5601561.64350   6.5+ 59.9875    307.8922 AP 6559.988   
 0.00050   6559.9875  -3.0534 193.848611    296.800  80.0 308.743   0.850<-3.0534>  AP 6559.988   
 0.00051 4462485.09250 5601546.61900   6.5+ 74.9005    308.0403 AP 6574.900   
 0.00051   6574.9005  -3.0915 197.047371    296.800  80.0 308.877   0.837<-3.0915>  AP 6574.900   
 0.00052 4462485.45360 5601531.50280   6.5+ 89.8656    308.1811 AP 6589.866   
 0.00052   6589.8656  -3.1326 200.257313    296.800  80.0 309.013   0.832<-3.1326>  AP 6589.866   
 0.00053 4462485.03100 5601516.23930   6.6+  4.9764    308.3187 AP 6604.976   
 0.00053   6604.9764  -3.1604 203.498493    296.800  80.0 309.149   0.831<-3.1604>  AP 6604.976   
 0.00054 4462486.38120 5601500.65150   6.6+ 20.1782    307.5838 AP 6620.178   
 0.00054   6620.1782  -5.7615 206.759198    296.800  80.0 309.287   1.703<-5.7615>  AP 6620.178   
 0.00055 4462483.53010 5601485.87460   6.6+ 34.9383    307.9836 AP 6634.938   
 0.00055   6634.9383  -4.8654 209.925149    296.800  80.0 309.420   1.437<-4.8654>  AP 6634.938   
 0.00056 4462479.17910 5601471.29830   6.6+ 49.8584    309.0451 AP 6649.858   
 0.00056   6649.8584  -3.2094 213.125429    296.800  80.0 309.555   0.510<-3.2094>  AP 6649.858   
 0.00057 4462475.96920 5601457.88740   6.6+ 63.5033    309.1828 AP 6663.503   
 0.00057   6663.5033  -3.1298 216.052199    296.800  80.0 309.678   0.496<-3.1298>  AP 6663.503   
 0.00058 4462471.59980 5601442.68450   6.6+ 79.1590    309.3293 AP 6679.159   
 0.00058   6679.1590  -3.1086 219.410238    305.000  80.0 309.820   0.491<-3.1086>  AP 6679.159   
 0.00059 4462466.10360 5601426.83920   6.6+ 95.7640    309.4858 AP 6695.764   
 0.00059   6695.7640  -3.0790 222.876177    305.000  80.0 309.970   0.484<-3.0790>  AP 6695.764   
 0.00060 4462460.53800 5601410.88180   6.7+ 12.4522    310.6760 AP 6712.452   
 0.00060   6712.4522  -3.9427 226.359451    305.000  80.0 310.121  -0.555<-3.9427>  AP 6712.452   
 0.00061 4462455.09250 5601394.31200   6.7+ 29.4805    310.5449 AP 6729.481   
 0.00061   6729.4805  -6.1086 229.913746    305.000  80.0 310.275  -0.270<-6.1086>  AP 6729.481   
 0.00062 4462444.08550 5601380.42140   6.7+ 46.6853    309.9457 AP 6746.685   
 0.00062   6746.6853  -3.0739 233.504857    305.002  80.0 310.430   0.485<-3.0739>  AP 6746.685   
 0.00063 4462435.14270 5601365.80690   6.7+ 63.6702    310.0672 AP 6763.670   
 0.00063   6763.6702  -3.1187 236.595487    410.192  59.5 310.593   0.526<-3.1187>  AP 6763.670   
 0.00064 4462425.57110 5601351.57590   6.7+ 80.7139    310.1915 AP 6780.714   
 0.00064   6780.7139  -3.1379 238.782963    627.282  38.9 310.756   0.564<-3.1379>  AP 6780.714   
 0.00065 4462416.59890 5601338.97270   6.7+ 96.1261    310.3015 AP 6796.126   
 0.00065   6796.1261  -3.1512 239.972836   1203.011  20.3 310.903   0.602<-3.1512>  AP 6796.126   
 0.00066 4462410.10510 5601323.01300   6.8+ 12.8054    310.3178 AP 6812.805   
 0.00066   6812.8054  -7.3488 240.417126 179099.475   0.1 311.063   0.745<-7.3488>  AP 6812.805   
 0.00067 4462398.92300 5601310.40970   6.8+ 29.6254    309.4124 AP 6829.625   
 0.00067   6829.6254  -5.7813 239.969990  -1189.307  20.2 311.203   1.791<-5.7813>  AP 6829.625   
 0.00068 4462389.03260 5601296.91970   6.8+ 46.4716    309.5870 AP 6846.472   
 0.00068   6846.4716  -5.5430 238.613609   -592.190  40.5 311.344   1.757<-5.5430>  AP 6846.472   
 0.00069 4462380.92120 5601283.18530   6.8+ 62.6007    309.6780 AP 6862.601   
 0.00069   6862.6007  -6.4563 236.462939   -400.000  60.0 311.478   1.800<-6.4563>  AP 6862.601   
 0.00070 4462375.63670 5601274.88740   6.8+ 72.5990    309.7679 AP 6872.599   
 0.00070   6872.5990  -6.3893 234.871665   -400.000  60.0 311.573   1.805<-6.3893>  AP 6872.599   
 0.00071 4462370.90330 5601266.27030   6.8+ 82.5890    309.9013 AP 6882.589   
 0.00071   6882.5890  -6.7134 233.281701   -400.000  60.0 311.677   1.775<-6.7134>  AP 6882.589   
 0.00072 4462362.75080 5601253.46790   6.8+ 97.9770    310.0618 AP 6897.977   
 0.00072   6897.9770  -5.7503 230.832631   -400.000  60.0 311.843   1.781<-5.7503>  AP 6897.977   
 0.00073 4462356.68600 5601240.91150   6.9+ 12.1276    310.1957 AP 6912.128   
 0.00073   6912.1276  -5.9828 228.580480   -400.000  60.0 311.995   1.799<-5.9828>  AP 6912.128   
 0.00074 4462350.15230 5601227.32840   6.9+ 27.4222    310.4087 AP 6927.422   
 0.00074   6927.4222  -5.7036 226.146273   -400.000  60.0 312.160   1.751<-5.7036>  AP 6927.422   
 0.00075 4462344.09400 5601214.29020   6.9+ 41.9835    310.8785 AP 6941.984   
 0.00075   6941.9835  -5.0930 223.828766   -400.000  60.0 312.317   1.439<-5.0930>  AP 6941.984   
 0.00076 4462339.47060 5601200.53890   6.9+ 56.6804    310.9577 AP 6956.680   
 0.00076   6956.6804  -5.5513 221.489690   -400.000  60.0 312.476   1.518<-5.5513>  AP 6956.680   
 0.00077 4462334.90490 5601186.30170   6.9+ 71.8449    311.2574 AP 6971.845   
 0.00077   6971.8449  -5.6751 219.076176   -400.000  60.0 312.639   1.382<-5.6751>  AP 6971.845   
 0.00078 4462330.48390 5601171.00080   6.9+ 88.0014    311.5428 AP 6988.001   
 0.00078   6988.0014  -5.6460 216.504792   -400.000  60.0 312.814   1.271<-5.6460>  AP 6988.001   
 0.00079 4462326.78030 5601155.21900   7.0+  4.4474    311.5635 AP 7004.447   
 0.00079   7004.4474  -5.7789 213.887328   -400.000  60.0 312.991   1.427<-5.7789>  AP 7004.447   
 0.00080 4462323.54010 5601139.63640   7.0+ 20.5951    311.8121 AP 7020.595   
 0.00080   7020.5951  -5.6665 211.317355   -400.000  60.0 313.165   1.353<-5.6665>  AP 7020.595   
 0.00081 4462320.54280 5601124.26260   7.0+ 36.4640    312.0015 AP 7036.464   
 0.00081   7036.4640  -5.1244 208.791733   -400.000  60.0 313.336   1.335<-5.1244>  AP 7036.464   
 0.00082 4462318.97420 5601105.67950   7.0+ 55.3618    312.3951 AP 7055.362   
 0.00082   7055.3618  -5.6889 205.784055   -400.000  60.0 313.540   1.145<-5.6889>  AP 7055.362   
 0.00083 4462317.91780 5601093.53800   7.0+ 67.6929    312.4092 AP 7067.693   
 0.00083   7067.6929  -5.5719 204.157413   -608.299  39.5 313.673   1.264<-5.5719>  AP 7067.693   
 0.00084 4462317.00630 5601081.56580   7.0+ 79.7787    312.3738 AP 7079.779   
 0.00084   7079.7787  -5.3446 203.215446  -1242.795  19.3 313.803   1.430<-5.3446>  AP 7079.779   
 0.00085 4462316.14770 5601070.03320   7.0+ 91.3635    312.3096 AP 7091.363   
 0.00085   7091.3635  -5.0334 202.9186807139934.356   0.0 313.928   1.619<-5.0334>  AP 7091.363   
 0.00086 4462312.97770 5601042.64780   7.1+ 18.8654    313.2617 AP 7118.865   
 0.00086   7118.8654  -3.1218 202.918680      0.000   0.0 314.225   0.963<-3.1218>  AP 7118.865   
 0.00087 4462311.75770 5601015.88230   7.1+ 45.6587    313.5925 AP 7145.659   
 0.00087   7145.6587  -3.1298 202.918680      0.000   0.0 314.514   0.921<-3.1298>  AP 7145.659   
 0.00088 4462311.43270 5600995.90600   7.1+ 65.6289    314.9120 AP 7165.629   
 0.00088   7165.6289  -3.7207 202.918680      0.000   0.0 314.729  -0.183<-3.7207>  AP 7165.629   
 0.00089 4462311.44610 5600971.51090   7.1+ 89.9977    315.4731 AP 7189.998   
 0.00089   7189.9977  -4.8521 202.918680      0.000   0.0 314.992  -0.481<-4.8521>  AP 7189.998   
 0.00090 4462311.77880 5600961.48680   7.1+ 99.9960    315.9565 AP 7199.996   
 0.00090   7199.9960  -5.6438 202.918680      0.000   0.0 315.096  -0.860<-5.6438>  AP 7199.996   
 0.00091 4462311.39020 5600951.49190   7.2+  9.9983    315.8832 AP 7209.998   
 0.00091   7209.9983  -5.7137 202.918680      0.000   0.0 315.193  -0.690<-5.7137>  AP 7209.998   
 0.00092 4462311.08710 5600942.35420   7.2+ 19.1402    315.8229 AP 7219.140   
 0.00092   7219.1402  -5.8297 202.918680      0.000   0.0 315.279  -0.544<-5.8297>  AP 7219.140   
 0.00093 4462310.77640 5600933.20270   7.2+ 28.2964    315.8362 AP 7228.296   
 0.00093   7228.2964  -5.9388 202.918680      0.000   0.0 315.364  -0.472<-5.9388>  AP 7228.296   
 0.00094 4462310.37710 5600919.14040   7.2+ 42.3993    315.9118 AP 7242.399   
 0.00094   7242.3993  -6.1562 202.535084  -1170.118  20.5 315.496  -0.416<-6.1562>  AP 7242.399   
 0.00095 4462309.92700 5600905.28340   7.2+ 56.3737    316.0129 AP 7256.374   
 0.00095   7256.3737  -6.1480 201.398060   -587.701  40.8 315.626  -0.387<-6.1480>  AP 7256.374   
 0.00096 4462309.58470 5600891.84260   7.2+ 69.9908    316.1595 AP 7269.991   
 0.00096   7269.9908  -5.9202 199.565285   -395.753  60.6 315.753  -0.406<-5.9202>  AP 7269.991   
 0.00097 4462309.40700 5600878.75290   7.2+ 83.2930    316.3193 AP 7283.293   
 0.00097   7283.2930  -5.4099 197.084099   -300.028  80.0 315.878  -0.442<-5.4099>  AP 7283.293   
 0.00098 4462309.98550 5600864.05220   7.2+ 98.2576    316.6533 AP 7298.258   
 0.00098   7298.2576  -4.9477 193.908511   -300.000  80.0 316.017  -0.636<-4.9477>  AP 7298.258   
 0.00099 4462311.50040 5600849.45300   7.3+ 13.1744    316.9695 AP 7313.174   
 0.00099   7313.1744  -4.6959 190.743076   -300.000  80.0 316.156  -0.813<-4.6959>  AP 7313.174   
 0.00100 4462313.94770 5600835.07400   7.3+ 27.9930    317.1730 AP 7327.993   
 0.00100   7327.9930  -4.6737 187.598461   -300.000  80.0 316.295  -0.878<-4.6737>  AP 7327.993   
 0.00101 4462317.17850 5600820.48860   7.3+ 43.1692    317.3666 AP 7343.169   
 0.00101   7343.1692  -4.6422 184.377986   -300.000  80.0 316.436  -0.930<-4.6422>  AP 7343.169   
 0.00102 4462321.07660 5600806.54020   7.3+ 57.8820    317.4912 AP 7357.882   
 0.00102   7357.8820  -4.6799 181.255823   -300.000  80.0 316.574  -0.917<-4.6799>  AP 7357.882   
 0.00103 4462325.83970 5600792.49300   7.3+ 72.9538    317.5610 AP 7372.954   
 0.00103   7372.9538  -4.7891 178.057492   -300.000  80.0 316.714  -0.847<-4.7891>  AP 7372.954   
 0.00104 4462331.17730 5600778.80980   7.3+ 87.8818    317.6501 AP 7387.882   
 0.00104   7387.8818  -4.8240 174.889661   -300.000  80.0 316.854  -0.796<-4.8240>  AP 7387.882   
 0.00105 4462336.97050 5600765.56170   7.4+  2.5762    317.7478 AP 7402.576   
 0.00105   7402.5762  -4.7272 171.771412   -300.000  80.0 316.991  -0.757<-4.7272>  AP 7402.576   
 0.00106 4462343.76940 5600751.87430   7.4+ 18.1018    317.9124 AP 7418.102   
 0.00106   7418.1018  -4.6009 168.476788   -300.000  80.0 317.136  -0.776<-4.6009>  AP 7418.102   
 0.00107 4462351.36920 5600738.90130   7.4+ 33.3757    317.9981 AP 7433.376   
 0.00107   7433.3757  -4.7408 165.235562   -300.000  80.0 317.279  -0.720<-4.7408>  AP 7433.376   
 0.00108 4462356.62080 5600730.57860   7.4+ 43.3753    318.0939 AP 7443.375   
 0.00108   7443.3753  -4.7423 163.113589   -300.000  80.0 317.378  -0.716<-4.7423>  AP 7443.375   
 0.00109 4462362.13260 5600722.42510   7.4+ 53.3752    318.2007 AP 7453.375   
 0.00109   7453.3752  -4.7262 160.991530   -300.000  80.0 317.491  -0.710<-4.7262>  AP 7453.375   
 0.00110 4462371.53080 5600709.57990   7.4+ 69.5090    318.4234 AP 7469.509   
 0.00110   7469.5090  -4.6392 158.051180   -418.039  57.4 317.693  -0.731<-4.6392>  AP 7469.509   
 0.00111 4462381.51800 5600697.95040   7.4+ 84.9765    318.5403 AP 7484.976   
 0.00111   7484.9765  -5.1673 156.139969   -671.255  35.8 317.886  -0.654<-5.1673>  AP 7484.976   
 0.00112 4462392.85830 5600686.86780   7.5+  0.8511    318.2114 AP 7500.851   
 0.00112   7500.8511  -6.7276 155.102392  -1774.264  13.5 318.085  -0.126<-6.7276>  AP 7500.851   
 0.00113 4462397.73870 5600678.24100   7.5+ 10.5968    317.9467 AP 7510.597   
 0.00113   7510.5968  -4.8339 154.929089 170637.043   0.1 318.207   0.260<-4.8339>  AP 7510.597   
 0.00114 4462407.56090 5600668.53720   7.5+ 24.3164    318.2368 AP 7524.316   
 0.00114   7524.3164  -6.0158 155.348047   1048.775  19.3 318.359   0.122<-6.0158>  AP 7524.316   
 0.00115 4462416.48540 5600658.08880   7.5+ 37.9375    318.3791 AP 7537.937   
 0.00115   7537.9375  -6.2101 156.582786    527.892  38.4 318.511   0.131<-6.2101>  AP 7537.937   
 0.00116 4462426.15660 5600645.78590   7.5+ 53.3546    318.7407 AP 7553.355   
 0.00116   7553.3546  -6.2346 158.964618    337.928  60.0 318.682  -0.059<-6.2346>  AP 7553.355   
 0.00117 4462432.32660 5600636.44420   7.5+ 64.3447    318.8519 AP 7564.345   
 0.00117   7564.3447  -5.7353 161.035486    337.854  60.0 318.813  -0.039<-5.7353>  AP 7564.345   
 0.00118 4462437.82860 5600627.87200   7.5+ 74.3615    319.0689 AP 7574.361   
 0.00118   7574.3615  -5.4643 162.922951    337.854  60.0 318.932  -0.137<-5.4643>  AP 7574.361   
 0.00119 4462443.93820 5600617.91170   7.5+ 85.8910    319.2837 AP 7585.891   
 0.00119   7585.8910  -5.2660 164.747774    496.968  40.8 319.069  -0.214<-5.2660>  AP 7585.891   
 0.00120 4462449.61010 5600607.59420   7.5+ 97.5646    319.9950 AP 7597.565   
 0.00120   7597.5646  -4.7807 165.886533    950.188  21.3 319.208  -0.787<-4.7807>  AP 7597.565   
 0.00121 4462455.95000 5600596.43510   7.6+ 10.3657    319.4540 AP 7610.366   
 0.00121   7610.3657  -4.5920 166.315343      0.000   0.0 319.361  -0.093<-4.5920>  AP 7610.366   
 0.00122 4462460.81310 5600587.70050   7.6+ 20.3607    319.9027 AP 7620.361   
 0.00122   7620.3607  -4.3811 166.315343      0.000   0.0 319.483  -0.419<-4.3811>  AP 7620.361   
 0.00123 4462465.92590 5600579.09060   7.6+ 30.3740    319.3361 AP 7630.374   
 0.00123   7630.3740  -4.4487 166.315343      0.000   0.0 319.613   0.277<-4.4487>  AP 7630.374     * K-SPRUNG ***
 0.00124 4462479.38000 5600558.75940   7.6+ 54.7162    319.6199 AP 7654.716   
 0.00124   7654.7162  -5.8004 166.315343      0.000   0.0 319.935   0.315<-5.8004>  AP 7654.716     * K-SPRUNG ***
 0.00125 4462490.92470 5600538.98240   7.6+ 77.6162    319.8552 AP 7677.616   
 0.00125   7677.6162  -5.7835 166.315343      0.000   0.0 320.239   0.383<-5.7835>  AP 7677.616     * K-SPRUNG ***
 0.00126 4462501.24850 5600519.10230   7.6+ 99.9889    320.3306 AP 7699.989   
 0.00126   7699.9889  -4.6607 166.315343      0.000   0.0 320.535   0.204<-4.6607>  AP 7699.989     * K-SPRUNG ***
 0.00127 4462512.72800 5600500.81870   7.7+ 22.3653    320.8785 AP 7722.365   
 0.00127   7722.3653  -5.3413 166.315343      0.000   0.0 320.821  -0.058<-5.3413>  AP 7722.365     * K-SPRUNG ***
 0.00128 4462523.75040 5600482.29660   7.7+ 43.9183    321.1922 AP 7743.918   
 0.00128   7743.9183  -5.5070 166.315343      0.000   0.0 321.106  -0.086<-5.5070>  AP 7743.918     * K-SPRUNG ***
 0.00129 4462533.16700 5600465.26550   7.7+ 63.3737    321.3982 AP 7763.374   
 0.00129   7763.3737  -5.0391 166.315343      0.000   0.0 321.364  -0.034<-5.0391>  AP 7763.374     * K-SPRUNG ***
 0.00130 4462538.05130 5600456.53590   7.7+ 73.3750    321.5212 AP 7773.375   
 0.00130   7773.3750  -4.8491 166.315343      0.000   0.0 321.494  -0.027<-4.8491>  AP 7773.375     * K-SPRUNG ***
 0.00131 4462543.01110 5600447.85000   7.7+ 83.3767    322.1149 AP 7783.377   
 0.00131   7783.3767  -4.7462 166.315343      0.000   0.0 321.619  -0.496<-4.7462>  AP 7783.377   
 0.00132 4462550.53750 5600433.78910   7.7+ 99.2851    321.9368 AP 7799.285   
 0.00132   7799.2851  -4.1826 166.755500   1150.395  20.9 321.812  -0.124<-4.1826>  AP 7799.285   
 0.00133 4462558.24590 5600420.28380   7.8+ 14.7510    322.2315 AP 7814.751   
 0.00133   7814.7510  -4.2658 168.027423    583.295  41.1 322.001  -0.231<-4.2658>  AP 7814.751   
 0.00134 4462566.74260 5600406.74200   7.8+ 30.5291    322.2106 AP 7830.529   
 0.00134   7830.5291  -5.4469 170.182497    388.110  61.8 322.193  -0.018<-5.4469>  AP 7830.529   
 0.00135 4462573.16780 5600394.21180   7.8+ 44.3767    321.9274 AP 7844.377   
 0.00135   7844.3767  -5.7996 172.787473    300.004  80.0 322.362   0.434<-5.7996>  AP 7844.377   
 0.00136 4462579.81380 5600378.67760   7.8+ 60.9524    321.9359 AP 7860.952   
 0.00136   7860.9524  -5.8746 176.304934    300.000  80.0 322.564   0.628<-5.8746>  AP 7860.952   
 0.00137 4462585.93060 5600362.85530   7.8+ 77.5760    322.1566 AP 7877.576   
 0.00137   7877.5760  -6.2887 179.832577    300.000  80.0 322.766   0.610<-6.2887>  AP 7877.576   
 0.00138 4462591.56770 5600347.20150   7.8+ 93.8240    322.5930 AP 7893.824   
 0.00138   7893.8240  -7.2193 183.280521    300.000  80.0 322.964   0.371<-7.2193>  AP 7893.824   
 0.00139 4462594.24460 5600334.77350   7.9+  6.2413    322.7239 AP 7906.241   
 0.00139   7906.2413  -6.8407 185.915558    300.000  80.0 323.115   0.392<-6.8407>  AP 7906.241   
 0.00140 4462596.08520 5600322.72740   7.9+ 18.1534    322.5863 AP 7918.153   
 0.00140   7918.1534  -6.2344 188.443371    300.000  80.0 323.261   0.674<-6.2344>  AP 7918.153   
 0.00141 4462598.43410 5600312.76550   7.9+ 28.1471    322.5414 AP 7928.147   
 0.00141   7928.1471  -6.9165 190.564111    300.000  80.0 323.376   0.834<-6.9165>  AP 7928.147   
 0.00142 4462602.39630 5600296.95670   7.9+ 43.9658    324.8975 AP 7943.966   
 0.00142   7943.9658  -8.8910 193.486167    404.955  59.3 323.558  -1.339<-8.8910>  AP 7943.966   
 0.00143 4462603.21710 5600280.78020   7.9+ 59.8748    325.0024 AP 7959.875   
 0.00143   7959.8748  -8.3354 195.546953    624.975  38.4 323.742  -1.261<-8.3354>  AP 7959.875   
 0.00144 4462603.92660 5600264.96510   7.9+ 75.5531    325.0953 AP 7975.553   
 0.00144   7975.5531  -8.1008 196.716436   1345.302  17.8 323.923  -1.173<-8.1008>  AP 7975.553   
 0.00145 4462604.51480 5600251.34310   7.9+ 89.1468    325.2302 AP 7989.147   
 0.00145   7989.1468  -8.0318 197.0382921983825.599   0.0 324.080  -1.151<-8.0318>  AP 7989.147   
 0.00146 4462605.39630 5600225.53140   8.0+ 14.9715    325.5512 AP 8014.972   
 0.00146   8014.9715  -7.7120 197.038292      0.000   0.0 324.377  -1.174<-7.7120>  AP 8014.972   
 0.00147 4462606.75270 5600200.69660   8.0+ 39.8426    325.8061 AP 8039.843   
 0.00147   8039.8426  -7.9120 197.038292      0.000   0.0 324.664  -1.142<-7.9120>  AP 8039.843   
 0.00148 4462607.94290 5600175.57430   8.0+ 64.9930    326.0907 AP 8064.993   
 0.00148   8064.9930  -7.9325 197.038292      0.000   0.0 324.954  -1.136<-7.9325>  AP 8064.993   
 0.00149 4462608.54470 5600160.44250   8.0+ 80.1725    326.3048 AP 8080.172   
 0.00149   8080.1725  -7.8067 196.744495  -1643.349  12.5 325.130  -1.175<-7.8067>  AP 8080.172   
 0.00150 4462609.64890 5600145.40390   8.0+ 95.3599    326.4510 AP 8095.360   
 0.00150   8095.3599  -8.0480 195.861598   -821.149  25.0 325.305  -1.146<-8.0480>  AP 8095.360   
 0.00151 4462611.38310 5600130.31360   8.1+ 10.7347    326.5530 AP 8110.735   
 0.00151   8110.7347  -8.6324 194.367754   -545.072  37.7 325.482  -1.071<-8.6324>  AP 8110.735   
 0.00152 4462613.74200 5600115.53300   8.1+ 25.9766    326.7598 AP 8125.977   
 0.00152   8125.9766  -9.4444 192.290906   -408.814  50.2 325.658  -1.102<-9.4444>  AP 8125.977   
 0.00153 4462618.33310 5600092.65170   8.1+ 49.9986    326.9918 AP 8149.999   
 0.00153   8149.9986 -10.4656 187.813216   -293.271  70.0 325.935  -1.057<10.4656>  AP 8149.999   
 0.00154 4462620.48940 5600083.24530   8.1+ 60.0081    327.0630 AP 8160.008   
 0.00154   8160.0081 -10.6282 185.640233   -293.250  70.0 326.051  -1.012<10.6282>  AP 8160.008   
 0.00155 4462621.46130 5600067.87290   8.1+ 75.6275    325.0619 AP 8175.628   
 0.00155   8175.6275  -7.7324 182.249398   -293.250  70.0 326.239   1.177<-7.7324>  AP 8175.628   
 0.00156 4462625.41600 5600053.69410   8.1+ 90.7271    325.5775 AP 8190.727   
 0.00156   8190.7271  -7.2530 178.971407   -293.250  70.0 326.421   0.843<-7.2530>  AP 8190.727   
 0.00157 4462630.71990 5600039.91870   8.2+  5.8678    325.7592 AP 8205.868   
 0.00157   8205.8678  -7.4213 175.684498   -293.250  70.0 326.603   0.844<-7.4213>  AP 8205.868   
 0.00158 4462637.67740 5600026.95430   8.2+ 20.9433    325.3168 AP 8220.943   
 0.00158   8220.9433  -8.6693 172.411735   -293.250  70.0 326.785   1.468<-8.6693>  AP 8220.943   
 0.00159 4462644.72030 5600014.35510   8.2+ 35.8187    325.1928 AP 8235.819   
 0.00159   8235.8187  -9.4054 169.182432   -293.250  70.0 326.964   1.771<-9.4054>  AP 8235.819   
 0.00160 4462646.52610 5599998.42720   8.2+ 50.9287    326.8503 AP 8250.929   
 0.00160   8250.9287  -3.2060 165.902175   -293.250  70.0 327.146   0.296<-3.2060>  AP 8250.929   
 0.00161 4462654.89980 5599985.84850   8.2+ 66.2137    327.0250 AP 8266.214   
 0.00161   8266.2137  -3.5940 162.583947   -293.250  70.0 327.330   0.305<-3.5940>  AP 8266.214   
 0.00162 4462663.22220 5599973.36640   8.2+ 81.3887    327.1827 AP 8281.389   
 0.00162   8281.3887  -3.2106 159.289587   -293.250  70.0 327.513   0.331<-3.2106>  AP 8281.389   
 0.00163 4462670.50170 5599963.29440   8.2+ 93.9373    327.3075 AP 8293.937   
 0.00163   8293.9373  -2.7751 156.565390   -293.250  70.0 327.665   0.357<-2.7751>  AP 8293.937   
 0.00164 4462681.62310 5599952.84100   8.3+  9.3017    326.8326 AP 8309.302   
 0.00164   8309.3017  -4.4191 153.229907   -293.250  70.0 327.850   1.017<-4.4191>  AP 8309.302   
 0.00165 4462691.23470 5599942.05020   8.3+ 23.9559    327.2182 AP 8323.956   
 0.00165   8323.9559  -3.9569 150.048622   -293.250  70.0 328.026   0.808<-3.9569>  AP 8323.956   
 0.00166 4462703.34800 5599930.36520   8.3+ 41.0131    327.5675 AP 8341.013   
 0.00166   8341.0131  -3.7830 146.345646   -293.250  70.0 328.232   0.664<-3.7830>  AP 8341.013   
 0.00167 4462712.42370 5599912.76330   8.3+ 59.2697    327.6321 AP 8359.270   
 0.00167   8359.2697   3.8938 142.382310   -293.250  70.0 328.452   0.820< 3.8938>  AP 8359.270   
 0.00168 4462724.97090 5599903.37330   8.3+ 74.7555    327.9189 AP 8374.755   
 0.00168   8374.7555   3.9175 139.326570   -358.558  57.3 328.638   0.720< 3.9175>  AP 8374.755   
 0.00169 4462737.96610 5599894.74770   8.3+ 90.2060    328.1368 AP 8390.206   
 0.00169   8390.2060   3.7332 136.888178   -461.021  44.5 328.825   0.688< 3.7332>  AP 8390.206   
 0.00170 4462750.52490 5599886.64240   8.4+  5.0478    328.3201 AP 8405.048   
 0.00170   8405.0478   3.8574 135.119979   -635.458  32.3 329.004   0.683< 3.8574>  AP 8405.048   
 0.00171 4462761.09240 5599877.94550   8.4+ 18.5039    328.9237 AP 8418.504   
 0.00171   8418.5039   5.8527 134.003137   -967.273  21.2 329.166   0.242< 5.8527>  AP 8418.504   
 0.00172 4462770.10370 5599873.47180   8.4+ 28.4947    328.8321 AP 8428.495   
 0.00172   8428.4947   5.1609 133.473048  -1579.731  13.0 329.304   0.472< 5.1609>  AP 8428.495   
 0.00173 4462777.72590 5599866.59860   8.4+ 38.5054    328.8616 AP 8438.505   
 0.00173   8438.5054   7.3052 133.197598  -4321.417   4.8 329.480   0.618< 7.3052>  AP 8438.505   
 0.00174 4462782.61010 5599863.51520   8.4+ 44.2714    328.9864 AP 8444.271   
 0.00174   8444.2714   7.5483 133.155112      0.000   0.0 329.591   0.605< 7.5483>  AP 8444.271   
 0.00175 4462799.74060 5599853.48600   8.4+ 64.1210    329.4440 AP 8464.121   
 0.00175   8464.1210   7.7242 133.155112      0.000   0.0 329.975   0.531< 7.7242>  AP 8464.121   
 0.00176 4462824.09520 5599857.14140   8.4+ 83.4279    329.1394 AP 8483.428   
 0.00176   8483.4279  -7.5648 133.1551121477815.071   0.0 330.348   1.209<-7.5648>  AP 8483.428   
 0.00177 4462835.17310 5599849.24610   8.4+ 96.9398    329.2731 AP 8496.940   
 0.00177   8496.9398  -6.2470 133.417881   1638.594  14.8 330.610   1.336<-6.2470>  AP 8496.940   
 0.00178 4462847.72170 5599841.77100   8.5+ 11.4616    329.4552 AP 8511.462   
 0.00178   8511.4616  -6.1550 134.284928    790.233  30.6 330.890   1.435<-6.1550>  AP 8511.462   
 0.00179 4462860.50240 5599834.42910   8.5+ 26.0474    329.8900 AP 8526.047   
 0.00179   8526.0474  -6.5671 135.765491    519.885  46.5 331.172   1.282<-6.5671>  AP 8526.047   
 0.00180 4462870.64830 5599827.02870   8.5+ 38.4176    330.4401 AP 8538.418   
 0.00180   8538.4176  -5.8726 137.500025    403.000  60.0 331.412   0.971<-5.8726>  AP 8538.418   
 0.00181 4462883.57620 5599819.33260   8.5+ 53.1917    331.6363 AP 8553.192   
 0.00181   8553.1917  -6.9313 139.833900    403.000  60.0 331.697   0.061<-6.9313>  AP 8553.192   
 0.00182 4462895.05090 5599808.97920   8.5+ 68.3511    332.0121 AP 8568.351   
 0.00182   8568.3511  -5.5488 142.228631    403.000  60.0 331.990  -0.022<-5.5488>  AP 8568.351   
 0.00183 4462907.09920 5599799.21670   8.5+ 83.6480    332.3002 AP 8583.648   
 0.00183   8583.6480  -5.5694 144.645079    403.000  60.0 332.286  -0.014<-5.5694>  AP 8583.648   
 0.00184 4462919.38600 5599788.03290   8.6+  0.0405    332.6551 AP 8600.040   
 0.00184   8600.0405  -5.2899 147.234617    403.000  60.0 332.603  -0.052<-5.2899>  AP 8600.040   
 0.00185 4462930.91470 5599776.66610   8.6+ 16.0248    332.7801 AP 8616.025   
 0.00185   8616.0248  -5.0222 149.759657    403.000  60.0 332.912   0.132<-5.0222>  AP 8616.025   
 0.00186 4462942.69300 5599766.02550   8.6+ 31.6487    332.1613 AP 8631.649   
 0.00186   8631.6487  -6.0742 152.227765    403.000  60.0 333.214   1.053<-6.0742>  AP 8631.649   
 0.00187 4462943.01910 5599749.42940   8.6+ 44.1611    333.5761 AP 8644.161   
 0.00187   8644.1611   4.8128 154.204350    403.000  60.0 333.456  -0.120< 4.8128>  AP 8644.161   
 0.00188 4462953.14880 5599737.60050   8.6+ 59.9049    333.7781 AP 8659.905   
 0.00188   8659.9049   4.7002 156.477138    486.894  49.5 333.761  -0.017< 4.7002>  AP 8659.905   
 0.00189 4462962.86520 5599727.11370   8.6+ 74.2699    333.7506 AP 8674.270   
 0.00189   8674.2699   3.5940 158.177013    600.000  40.0 334.038   0.288< 3.5940>  AP 8674.270   
 0.00190 4462972.09970 5599712.96850   8.6+ 91.2452    334.3319 AP 8691.245   
 0.00190   8691.2452   4.6819 159.978143    600.000  40.0 334.367   0.035< 4.6819>  AP 8691.245   
 0.00191 4462981.26020 5599699.31620   8.7+  7.8165    334.5679 AP 8707.817   
 0.00191   8707.8165   5.0743 161.736419    600.000  40.0 334.687   0.119< 5.0743>  AP 8707.817   
 0.00192 4462988.46420 5599688.80500   8.7+ 20.6663    334.9942 AP 8720.666   
 0.00192   8720.6663   4.9405 163.099817    600.000  40.0 334.936  -0.059< 4.9405>  AP 8720.666   
 0.00193 4462996.54420 5599675.42510   8.7+ 36.4627    335.4251 AP 8736.463   
 0.00193   8736.4627   5.2685 165.200215    397.925  55.8 335.241  -0.184< 5.2685>  AP 8736.463   
 0.00194 4463003.88950 5599663.46120   8.7+ 50.7087    335.4907 AP 8750.709   
 0.00194   8750.7087   4.9359 167.826480    305.015  70.0 335.516   0.026< 4.9359>  AP 8750.709   
 0.00195 4463009.77560 5599650.63140   8.7+ 65.0560    335.8604 AP 8765.056   
 0.00195   8765.0560   5.6659 170.821177    305.000  70.0 335.794  -0.067< 5.6659>  AP 8765.056   
 0.00196 4463016.68500 5599638.10590   8.7+ 79.5737    336.3526 AP 8779.574   
 0.00196   8779.5737   4.6715 173.851424    305.000  70.0 336.075  -0.278< 4.6715>  AP 8779.574   
 0.00197 4463020.70820 5599628.48330   8.7+ 90.1658    336.2849 AP 8790.166   
 0.00197   8790.1658   4.6440 176.062276    305.000  70.0 336.279  -0.005< 4.6440>  AP 8790.166   
 0.00198 4463024.06590 5599619.21080   8.8+  0.1817    336.7743 AP 8800.182   
 0.00198   8800.1817   4.7640 178.152873    305.000  70.0 336.480  -0.294< 4.7640>  AP 8800.182   
 0.00199 4463026.86570 5599609.77930   8.8+ 10.1755    337.1591 AP 8810.175   
 0.00199   8810.1755   5.1400 180.238859    305.000  70.0 336.696  -0.463< 5.1400>  AP 8810.175   
 0.00200 4463031.18700 5599595.42890   8.8+ 25.4178    337.2997 AP 8825.418   
 0.00200   8825.4178   5.0340 183.420355    305.000  70.0 337.036  -0.264< 5.0340>  AP 8825.418   
 0.00201 4463034.56710 5599581.24040   8.8+ 40.2504    337.6298 AP 8840.250   
 0.00201   8840.2504   5.0668 186.516324    305.000  70.0 337.366  -0.264< 5.0668>  AP 8840.250   
 0.00202 4463037.24520 5599566.93260   8.8+ 55.0548    337.7717 AP 8855.055   
 0.00202   8855.0548   5.1031 189.606431    305.000  70.0 337.696  -0.076< 5.1031>  AP 8855.055   
 0.00203 4463038.73270 5599555.99020   8.8+ 66.2879    337.7853 AP 8866.288   
 0.00203   8866.2879   5.2107 191.951084    305.000  70.0 337.946   0.161< 5.2107>  AP 8866.288   
 0.00204 4463041.76540 5599546.55110   8.8+ 76.1495    337.9565 AP 8876.150   
 0.00204   8876.1495   3.2208 194.193256    280.000  56.9 338.166   0.210< 3.2208>  AP 8876.150   
 0.00205 4463042.43490 5599537.67750   8.8+ 85.1523    338.0565 AP 8885.152   
 0.00205   8885.1523   3.2192 196.240152    280.000  45.0 338.367   0.310< 3.2192>  AP 8885.152   
 0.00206 4463042.85850 5599527.80710   8.8+ 95.1469    338.2664 AP 8895.147   
 0.00206   8895.1469   3.2027 198.512572    280.000  45.0 338.579   0.313< 3.2027>  AP 8895.147   
 0.00207 4463042.93290 5599517.91200   8.9+  5.1568    338.4687 AP 8905.157   
 0.00207   8905.1568   3.1826 200.788153    350.000  45.0 338.772   0.303< 3.1826>  AP 8905.157   
 0.00208 4463042.47760 5599503.46010   8.9+ 19.7492    338.7817 AP 8919.749   
 0.00208   8919.7492   3.1575 203.442369    350.000  45.0 339.037   0.256< 3.1575>  AP 8919.749   
 0.01001 4463045.63180 5599503.36300   8.9+ 19.6756    339.0457 AP 8919.676   
 0.01001   8919.6756   0.0027 203.428999    350.000  45.0 339.036  -0.010< 0.0027>  AP 8919.676   
